 15 25 28 43.50 46.63 47.50 752272 0.00 0.00 0.00     0 43.50 46.63 47.50 97068     0 0.114
 15 25 28 43.50 46.63 47.50 752272 0.00 0.00 0.00     0 43.50 46.63 47.50 97068     0 0.110
 15 25 28 43.50 46.63 47.50 752272 0.00 0.00 0.00     0 43.50 46.63 47.50 97068     0 0.110
 15 25 28 43.50 46.63 47.50 752272 0.00 0.00 0.00     0 43.50 46.63 47.50 97068     0 0.111
 15 25 28 43.50 46.63 47.50 752272 0.00 0.00 0.00     0 43.50 46.63 47.50 97068     0 0.110
  2 25 28 43.46 46.65 47.61 99968 0.00 0.00 0.00     0 43.46 46.65 47.61 75140     0 0.110
  2 25 28 43.46 46.65 47.61 99968 0.00 0.00 0.00     0 43.46 46.65 47.61 75140     0 0.110
  2 25 28 43.46 46.65 47.61 99968 0.00 0.00 0.00     0 43.46 46.65 47.61 75140     0 0.110
  2 25 28 43.46 46.65 47.61 99968 0.00 0.00 0.00     0 43.46 46.65 47.61 75140     0 0.113
 10 25 28 43.19 46.29 47.07 581560 0.00 0.00 0.00     0 43.19 46.29 47.07 111302     0 0.115
 10 25 28 43.19 46.29 47.07 581560 0.00 0.00 0.00     0 43.19 46.29 47.07 111302     0 0.112
 10 25 28 43.19 46.29 47.07 581560 0.00 0.00 0.00     0 43.19 46.29 47.07 111302     0 0.112
 10 25 28 43.19 46.29 47.07 581560 0.00 0.00 0.00     0 43.19 46.29 47.07 111302     0 0.112
 10 25 28 43.19 46.29 47.07 581560 0.00 0.00 0.00     0 43.19 46.29 47.07 111302     0 0.112
 10 25 28 43.19 46.29 47.07 581560 0.00 0.00 0.00     0 43.19 46.29 47.07 111302     0 0.112
 10 25 28 43.19 46.29 47.07 581560 0.00 0.00 0.00     0 43.19 46.29 47.07 111302     0 0.112
 10 25 28 43.19 46.29 47.07 581560 0.00 0.00 0.00     0 43.19 46.29 47.07 111302     0 0.112
 10 25 28 43.19 46.29 47.07 581560 0.00 0.00 0.00     0 43.19 46.29 47.07 111302     0 0.112
 10 25 28 43.19 46.29 47.07 581560 0.00 0.00 0.00     0 43.19 46.29 47.07 111302     0 0.112
 10 25 28 43.19 46.29 47.07 581560 0.00 0.00 0.00     0 43.19 46.29 47.07 111302     0 0.116
 10 25 28 43.19 46.29 47.07 581560 0.00 0.00 0.00     0 43.19 46.29 47.07 111302     0 0.112
 10 25 28 43.19 46.29 47.07 581560 0.00 0.00 0.00     0 43.19 46.29 47.07 111302     0 0.112
 10 25 28 43.19 46.29 47.07 581560 0.00 0.00 0.00     0 43.19 46.29 47.07 111302     0 0.112
 10 25 28 43.19 46.29 47.07 581560 0.00 0.00 0.00     0 43.19 46.29 47.07 111302     0 0.112
 10 25 28 43.19 46.29 47.07 581560 0.00 0.00 0.00     0 43.19 46.29 47.07 111302     0 0.112
 10 25 28 43.19 46.29 47.07 581560 0.00 0.00 0.00     0 43.19 46.29 47.07 111302     0 0.111
 10 25 28 43.19 46.29 47.07 581560 0.00 0.00 0.00     0 43.19 46.29 47.07 111302     0 0.112
 10 25 28 43.19 46.29 47.07 581560 0.00 0.00 0.00     0 43.19 46.29 47.07 111302     0 0.112
 10 25 28 43.19 46.29 47.07 581560 0.00 0.00 0.00     0 43.19 46.29 47.07 111302     0 0.112
 10 25 28 43.19 46.29 47.07 581560 0.00 0.00 0.00     0 43.19 46.29 47.07 111302     0 0.112
 10 25 28 43.19 46.29 47.07 581560 0.00 0.00 0.00     0 43.19 46.29 47.07 111302     0 0.112
 10 25 28 43.19 46.29 47.07 581560 0.00 0.00 0.00     0 43.19 46.29 47.07 111302     0 0.112
 10 25 28 43.19 46.29 47.07 581560 0.00 0.00 0.00     0 43.19 46.29 47.07 111302     0 0.112
 10 25 28 43.19 46.29 47.07 581560 0.00 0.00 0.00     0 43.19 46.29 47.07 111302     0 0.112
 10 25 28 43.19 46.29 47.07 581560 0.00 0.00 0.00     0 43.19 46.29 47.07 111302     0 0.111
 10 25 28 43.19 46.29 47.07 581560 0.00 0.00 0.00     0 43.19 46.29 47.07 111302     0 0.113
 10 25 28 43.19 46.29 47.07 581560 0.00 0.00 0.00     0 43.19 46.29 47.07 111302     0 0.112
 10 25 28 43.19 46.29 47.07 581560 0.00 0.00 0.00     0 43.19 46.29 47.07 111302     0 0.112
 10 25 28 43.19 46.29 47.07 581560 0.00 0.00 0.00     0 43.19 46.29 47.07 111302     0 0.113
 10 25 28 43.19 46.29 47.07 581560 0.00 0.00 0.00     0 43.19 46.29 47.07 111302     0 0.112
 10 25 28 43.19 46.29 47.07 581560 0.00 0.00 0.00     0 43.19 46.29 47.07 111302     0 0.112
 10 25 28 43.19 46.29 47.07 581560 0.00 0.00 0.00     0 43.19 46.29 47.07 111302     0 0.112
 10 25 28 43.19 46.29 47.07 581560 0.00 0.00 0.00     0 43.19 46.29 47.07 111302     0 0.112
 10 25 28 43.19 46.29 47.07 581560 0.00 0.00 0.00     0 43.19 46.29 47.07 111302     0 0.112
 10 25 28 43.19 46.29 47.07 581560 0.00 0.00 0.00     0 43.19 46.29 47.07 111302     0 0.113
 10 25 28 43.19 46.29 47.07 581560 0.00 0.00 0.00     0 43.19 46.29 47.07 111302     0 0.112
 10 25 28 43.19 46.29 47.07 581560 0.00 0.00 0.00     0 43.19 46.29 47.07 111302     0 0.112
 10 25 28 43.19 46.29 47.07 581560 0.00 0.00 0.00     0 43.19 46.29 47.07 111302     0 0.111
100 25 28 42.93 46.21 46.92 5816512 0.00 0.00 0.00     0 42.93 46.21 46.92 115844     0 0.114
 10 25 28 43.19 46.29 47.07 581560 0.00 0.00 0.00     0 43.19 46.29 47.07 111302     0 0.112
100 25 28 42.93 46.21 46.92 5816512 0.00 0.00 0.00     0 42.93 46.21 46.92 115844     0 0.114
